 
//前方0.58m有木板，左边0.38m有木板，0.2/0.8/5
 2019-10-31 21:21:00 39 43 87 76 46 
 2019-10-31 21:21:01 43 48 70 64 45 
 2019-10-31 21:21:02 42 45 79 71 45 
 2019-10-31 21:21:04 43 43 64 56 41 
 2019-10-31 21:21:05 40 44 75 54 44 
 2019-10-31 21:21:07 43 43 66 60 47 
 2019-10-31 21:21:08 43 39 73 56 43 
 2019-10-31 21:21:10 44 43 68 59 39 
 2019-10-31 21:21:11 46 45 64 68 39 
 2019-10-31 21:21:12 43 42 63 60 41 
 2019-10-31 21:21:14 43 42 71 49 42 
 2019-10-31 21:21:15 46 45 69 55 45 
 2019-10-31 21:21:17 45 44 72 58 42 
 2019-10-31 21:21:18 44 45 74 59 42 
 2019-10-31 21:21:19 41 41 72 59 44 
 2019-10-31 21:21:21 41 41 72 59 44 
 2019-10-31 21:21:22 41 41 72 59 44 
 2019-10-31 21:21:24 41 41 72 59 44 
 2019-10-31 21:21:25 41 41 72 59 44 
 2019-10-31 21:21:26 41 41 72 59 44 
 2019-10-31 21:21:28 41 41 72 59 44 
 2019-10-31 21:21:29 41 41 72 59 44 
 2019-10-31 21:21:31 41 41 72 59 44 
 2019-10-31 21:21:32 41 41 72 59 44 
 2019-10-31 21:21:33 41 41 72 59 44 
 2019-10-31 21:21:35 41 41 72 59 44 
 2019-10-31 21:21:36 41 41 72 59 44 
 2019-10-31 21:21:38 41 41 72 59 44 
 2019-10-31 21:21:39 41 41 72 59 44 
 2019-10-31 21:21:40 41 41 72 59 44 
 2019-10-31 21:21:42 41 41 72 59 44 
 2019-10-31 21:21:43 41 41 72 59 44 
 2019-10-31 21:21:45 41 41 72 59 44 
 2019-10-31 21:21:46 41 41 72 59 44 
 2019-10-31 21:21:48 41 41 72 59 44 
 2019-10-31 21:21:49 41 41 72 59 44 
 2019-10-31 21:21:50 41 41 72 59 44 
 2019-10-31 21:21:52 41 41 72 59 44 
 2019-10-31 21:21:53 41 41 72 59 44 
 2019-10-31 21:21:55 41 41 72 59 44 
 2019-10-31 21:21:56 41 41 72 59 44 
 2019-10-31 21:21:57 41 41 72 59 44 
 2019-10-31 21:21:59 41 41 72 59 44 
 2019-10-31 21:22:00 41 41 72 59 44 
 2019-10-31 21:22:02 41 41 72 59 44 
 2019-10-31 21:22:03 41 41 72 59 44 
 2019-10-31 21:22:04 41 41 72 59 44 
 2019-10-31 21:22:06 41 41 72 59 44 
 2019-10-31 21:22:07 41 41 72 59 44 
 2019-10-31 21:22:09 41 41 72 59 44 
 2019-10-31 21:22:10 41 41 72 59 44 
 2019-10-31 21:22:11 41 41 72 59 44 
 2019-10-31 21:22:13 41 41 72 59 44 
 2019-10-31 21:22:14 41 41 72 59 44 
 2019-10-31 21:22:16 41 41 72 59 44 
 2019-10-31 21:22:17 41 41 72 59 44 
 2019-10-31 21:22:18 41 41 72 59 44 
 2019-10-31 21:22:20 41 41 72 59 44 
 2019-10-31 21:22:21 41 41 72 59 44 
 2019-10-31 21:22:23 41 41 72 59 44 
 2019-10-31 21:22:24 41 41 72 59 44 
 2019-10-31 21:22:25 41 41 72 59 44 
 2019-10-31 21:22:27 41 41 72 59 44 
 2019-10-31 21:22:28 41 41 72 59 44 
 2019-10-31 21:22:30 41 41 72 59 44 
 2019-10-31 21:22:31 41 41 72 59 44 
 2019-10-31 21:22:33 41 41 72 59 44 
 2019-10-31 21:22:34 41 41 72 59 44 
 2019-10-31 21:22:35 41 41 72 59 44 
 2019-10-31 21:22:37 41 41 72 59 44 
 2019-10-31 21:22:38 41 41 72 59 44 
 2019-10-31 21:22:40 41 41 72 59 44 
 2019-10-31 21:22:41 41 41 72 59 44 
 2019-10-31 21:22:42 41 41 72 59 44 
 2019-10-31 21:22:44 41 41 72 59 44 
 2019-10-31 21:22:45 41 41 72 59 44 
 2019-10-31 21:22:47 41 41 72 59 44 
 2019-10-31 21:22:48 41 41 72 59 44 
 2019-10-31 21:22:49 41 41 72 59 44 
 2019-10-31 21:22:51 41 41 72 59 44 
 2019-10-31 21:22:52 41 41 72 59 44 
 2019-10-31 21:22:54 41 41 72 59 44 
 2019-10-31 21:22:55 41 41 72 59 44 
 2019-10-31 21:22:56 41 41 72 59 44 
 2019-10-31 21:22:58 41 41 72 59 44 
 2019-10-31 21:22:59 41 41 72 59 44 
 2019-10-31 21:23:01 41 41 72 59 44 
 2019-10-31 21:23:02 41 41 72 59 44 
 2019-10-31 21:23:03 41 41 72 59 44 
 2019-10-31 21:23:05 41 41 72 59 44 
 2019-10-31 21:23:06 41 41 72 59 44 
 2019-10-31 21:23:08 41 41 72 59 44 
 2019-10-31 21:23:09 41 41 72 59 44 
 2019-10-31 21:23:10 41 41 72 59 44 
 2019-10-31 21:23:12 41 41 72 59 44 
 2019-10-31 21:23:13 41 41 72 59 44 
 2019-10-31 21:23:15 41 41 72 59 44 
 2019-10-31 21:23:16 41 41 72 59 44 
 2019-10-31 21:23:18 41 41 72 59 44 
 2019-10-31 21:23:19 41 41 72 59 44 
 2019-10-31 21:23:20 41 41 72 59 44 
 2019-10-31 21:23:22 41 41 72 59 44 
 2019-10-31 21:23:23 41 41 72 59 44 
 2019-10-31 21:23:25 41 41 72 59 44 
 2019-10-31 21:23:26 41 41 72 59 44 
 2019-10-31 21:23:27 41 41 72 59 44 
 2019-10-31 21:23:29 41 41 72 59 44 
 2019-10-31 21:23:30 41 41 72 59 44 
 2019-10-31 21:23:32 41 41 72 59 44 
 2019-10-31 21:23:33 41 41 72 59 44 
 2019-10-31 21:23:34 41 41 72 59 44 
 2019-10-31 21:23:36 41 41 72 59 44 
 2019-10-31 21:23:37 41 41 72 59 44 
 2019-10-31 21:23:39 41 41 72 59 44 
 2019-10-31 21:23:40 41 41 72 59 44 
 2019-10-31 21:23:41 41 41 72 59 44 
 2019-10-31 21:23:43 41 41 72 59 44 
 2019-10-31 21:23:44 41 41 72 59 44 
 2019-10-31 21:23:46 41 41 72 59 44 
 2019-10-31 21:23:47 41 41 72 59 44 
 2019-10-31 21:23:48 41 41 72 59 44 
 2019-10-31 21:23:50 41 41 72 59 44 
 2019-10-31 21:23:51 41 41 72 59 44 
 2019-10-31 21:23:53 41 41 72 59 44 
 2019-10-31 21:23:54 41 41 72 59 44 
 2019-10-31 21:23:55 41 41 72 59 44 
 2019-10-31 21:23:57 41 41 72 59 44 
 2019-10-31 21:23:58 41 41 72 59 44 
 2019-10-31 21:24:00 41 41 72 59 44 
 2019-10-31 21:24:01 41 41 72 59 44 
 2019-10-31 21:24:03 41 41 72 59 44 
 2019-10-31 21:24:04 41 41 72 59 44 
 2019-10-31 21:24:05 41 41 72 59 44 
 2019-10-31 21:24:07 41 41 72 59 44 
 2019-10-31 21:24:08 41 41 72 59 44 
 2019-10-31 21:24:10 41 41 72 59 44 
 2019-10-31 21:24:11 41 41 72 59 44 
 2019-10-31 21:24:12 41 41 72 59 44 
 2019-10-31 21:24:14 41 41 72 59 44 
 2019-10-31 21:24:15 41 41 72 59 44 
 2019-10-31 21:24:17 41 41 72 59 44 
 2019-10-31 21:24:18 41 41 72 59 44 
 2019-10-31 21:24:19 41 41 72 59 44 
 2019-10-31 21:24:21 41 41 72 59 44 
 2019-10-31 21:24:22 41 41 72 59 44 
 2019-10-31 21:24:24 41 41 72 59 44 
 2019-10-31 21:24:25 41 41 72 59 44 
 2019-10-31 21:24:26 41 41 72 59 44 
 2019-10-31 21:24:28 41 41 72 59 44 
 2019-10-31 21:24:29 41 41 72 59 44 
 2019-10-31 21:24:31 41 41 72 59 44 
 