 2019-10-31 21:02:15 0 0 0 0 0 
 2019-10-31 21:02:16 42 46 45 48 42 
 2019-10-31 21:02:18 42 43 82 43 39 
 2019-10-31 21:02:19 42 41 87 55 40 
 2019-10-31 21:02:21 42 45 73 94 40 
 2019-10-31 21:02:22 45 41 68 105 43 
 2019-10-31 21:02:24 43 39 72 97 44 
 2019-10-31 21:02:25 41 43 69 95 42 
 2019-10-31 21:02:26 42 47 67 100 43 
 2019-10-31 21:02:28 43 43 60 83 44 
 2019-10-31 21:02:29 44 43 62 92 43 
 2019-10-31 21:02:31 40 43 63 92 43 
 2019-10-31 21:02:32 43 44 61 84 42 
 2019-10-31 21:02:34 41 42 59 77 41 
 2019-10-31 21:02:35 43 40 56 79 43 
 2019-10-31 21:02:36 42 41 59 80 41 
 2019-10-31 21:02:38 41 46 58 91 39 
 2019-10-31 21:02:39 41 42 59 85 39 
 2019-10-31 21:02:41 39 44 55 85 43 
 2019-10-31 21:02:42 44 41 59 82 38 
 2019-10-31 21:02:43 43 47 53 79 43 
 2019-10-31 21:02:45 40 44 55 83 41 
 2019-10-31 21:02:46 42 44 52 76 42 
 2019-10-31 21:02:48 43 43 51 73 37 
 2019-10-31 21:02:49 40 43 57 74 44 
 2019-10-31 21:02:50 42 44 57 75 39 
 2019-10-31 21:02:52 43 42 52 62 46 
 2019-10-31 21:02:53 43 41 51 63 42 
 2019-10-31 21:02:55 41 41 53 56 42 
 2019-10-31 21:02:56 40 46 52 57 42 
 2019-10-31 21:02:56 43 45 55 62 45 
 2019-10-31 21:02:59 42 40 54 62 40 
 2019-10-31 21:03:00 41 43 52 57 43 
 2019-10-31 21:03:02 40 41 51 61 42 
 2019-10-31 21:03:03 40 41 51 59 39 
 2019-10-31 21:03:05 43 41 53 58 42 
 2019-10-31 21:03:06 39 42 48 52 42 
 2019-10-31 21:03:07 41 41 53 54 42 
 2019-10-31 21:03:09 39 46 50 58 43 
 2019-10-31 21:03:10 42 44 52 59 43 
 2019-10-31 21:03:12 43 46 54 60 42 
 2019-10-31 21:03:13 43 45 54 58 44 
 2019-10-31 21:03:14 43 44 54 59 43 
 2019-10-31 21:03:16 43 43 49 56 43 
 2019-10-31 21:03:17 44 46 53 57 40 
 2019-10-31 21:03:19 43 43 53 55 41 
 2019-10-31 21:03:20 38 41 50 62 42 
 2019-10-31 21:03:21 47 44 51 58 41 
 2019-10-31 21:03:23 44 47 49 64 41 
 2019-10-31 21:03:24 41 43 49 57 40 
 2019-10-31 21:03:26 40 44 48 57 39 
 2019-10-31 21:03:27 42 41 50 85 42 
 2019-10-31 21:03:28 41 42 52 75 44 
 2019-10-31 21:03:30 42 42 52 100 41 
 2019-10-31 21:03:31 43 40 52 66 45 
 2019-10-31 21:03:33 43 39 38 42 41 
 2019-10-31 21:03:33 44 41 44 40 42 
 2019-10-31 21:03:37 43 45 42 42 45 
 