 2019-10-31 21:39:39 61 42 47 45 41 
 2019-10-31 21:39:40 51 41 46 40 44 
 2019-10-31 21:39:42 56 44 54 45 39 
 2019-10-31 21:39:43 51 43 45 46 44 
 2019-10-31 21:39:44 51 41 54 46 39 
 2019-10-31 21:39:46 54 42 44 44 41 
 2019-10-31 21:39:47 53 43 47 43 42 
 2019-10-31 21:39:49 53 44 45 41 40 
 2019-10-31 21:39:50 53 44 49 44 41 
 2019-10-31 21:39:52 51 44 49 43 43 
 2019-10-31 21:39:53 55 44 51 45 39 
 2019-10-31 21:39:54 50 41 46 42 40 
 2019-10-31 21:39:56 58 41 43 41 42 
 2019-10-31 21:39:57 54 41 44 43 43 
 2019-10-31 21:39:59 55 44 44 44 41 
 2019-10-31 21:40:00 53 42 45 42 42 
 2019-10-31 21:40:01 59 45 46 42 44 
 2019-10-31 21:40:03 61 43 47 42 42 
 2019-10-31 21:40:04 54 43 45 42 40 
 2019-10-31 21:40:06 59 45 43 40 40 
 2019-10-31 21:40:07 59 44 42 42 43 
 2019-10-31 21:40:08 61 44 42 43 41 
 2019-10-31 21:40:10 58 40 45 45 40 
 2019-10-31 21:40:11 61 45 44 44 41 
 2019-10-31 21:40:13 69 43 42 44 43 
 2019-10-31 21:40:14 65 41 41 40 42 
 2019-10-31 21:40:15 53 39 44 41 41 
 2019-10-31 21:40:17 60 41 48 43 41 
 2019-10-31 21:40:18 61 43 47 42 43 
 2019-10-31 21:40:20 60 44 42 44 41 
 2019-10-31 21:40:21 59 45 43 39 41 
 2019-10-31 21:40:23 53 43 44 43 42 
 2019-10-31 21:40:24 60 43 48 44 39 
 2019-10-31 21:40:25 55 44 43 43 43 
 2019-10-31 21:40:27 57 41 42 43 41 
 2019-10-31 21:40:28 62 43 46 44 40 
 2019-10-31 21:40:30 57 43 44 43 43 
 2019-10-31 21:40:31 59 41 43 43 45 
 2019-10-31 21:40:32 57 38 41 40 41 
 2019-10-31 21:40:34 55 42 42 44 47 
 2019-10-31 21:40:35 55 44 42 41 39 
 2019-10-31 21:40:37 54 44 44 43 44 
 2019-10-31 21:40:38 43 43 45 42 41 
 2019-10-31 21:40:39 43 43 41 43 40 
 