 2019-10-31 21:49:26 42 46 43 43 41 
 2019-10-31 21:49:28 40 53 39 41 43 
 2019-10-31 21:49:29 42 45 41 43 41 
 2019-10-31 21:49:31 44 41 41 37 41 
 2019-10-31 21:49:32 43 41 41 44 39 
 2019-10-31 21:49:33 43 42 41 43 42 
 2019-10-31 21:49:35 41 41 41 41 42 
 2019-10-31 21:49:36 40 40 41 40 39 
 2019-10-31 21:49:38 45 47 44 40 40 
 2019-10-31 21:49:39 41 45 42 38 41 
 2019-10-31 21:49:41 41 42 40 40 41 
 2019-10-31 21:49:42 38 41 42 39 40 
 2019-10-31 21:49:43 41 39 40 40 42 
 2019-10-31 21:49:45 39 47 44 41 42 
 2019-10-31 21:49:46 40 48 41 40 43 
 2019-10-31 21:49:48 41 41 41 42 43 
 2019-10-31 21:49:49 41 42 40 44 39 
 2019-10-31 21:49:50 42 42 37 40 40 
 2019-10-31 21:49:52 45 41 45 39 40 
 2019-10-31 21:49:53 41 44 44 41 41 
 2019-10-31 21:49:55 41 40 42 39 42 
 2019-10-31 21:49:56 42 53 41 43 44 
 2019-10-31 21:49:57 45 53 41 44 41 
 2019-10-31 21:49:59 42 57 42 39 39 
 2019-10-31 21:50:00 40 54 42 42 39 
 2019-10-31 21:50:02 43 50 43 43 44 
 2019-10-31 21:50:03 42 55 41 38 42 
 2019-10-31 21:50:04 42 53 41 42 40 
 2019-10-31 21:50:06 42 57 38 43 38 
 2019-10-31 21:50:07 45 57 40 39 42 
 2019-10-31 21:50:09 40 46 40 41 38 
 2019-10-31 21:50:10 41 45 42 41 42 
 2019-10-31 21:50:12 41 51 42 44 44 
 2019-10-31 21:50:13 44 53 42 43 41 
 2019-10-31 21:50:14 41 55 38 44 42 
 2019-10-31 21:50:16 46 48 43 39 44 
 2019-10-31 21:50:17 42 48 44 44 43 
 2019-10-31 21:50:19 40 48 39 42 45 
 2019-10-31 21:50:20 40 51 41 40 43 
 2019-10-31 21:50:21 46 47 44 40 39 
 2019-10-31 21:50:23 36 44 44 44 44 
 2019-10-31 21:50:24 45 49 45 41 45 
 2019-10-31 21:50:26 45 46 40 39 42 
 2019-10-31 21:50:27 85 49 44 42 45 
 2019-10-31 21:50:28 59 45 43 48 54 
 2019-10-31 21:50:30 54 44 49 44 46 
 2019-10-31 21:50:31 74 43 45 50 55 
 2019-10-31 21:50:32 73 44 46 46 54 
 2019-10-31 21:50:34 67 42 45 47 52 
 2019-10-31 21:50:35 58 48 45 48 54 
 