 2019-10-31 21:55:03 39 42 43 41 44 
 2019-10-31 21:55:04 44 43 43 41 40 
 2019-10-31 21:55:06 45 43 43 40 39 
 2019-10-31 21:55:07 42 40 43 42 43 
 2019-10-31 21:55:09 42 42 41 42 39 
 2019-10-31 21:55:10 45 42 39 42 41 
 2019-10-31 21:55:11 41 39 41 42 41 
 2019-10-31 21:55:13 41 43 45 42 40 
 2019-10-31 21:55:14 40 40 40 43 39 
 2019-10-31 21:55:16 44 42 44 40 37 
 2019-10-31 21:55:17 39 41 40 41 43 
 2019-10-31 21:55:18 40 43 43 40 43 
 2019-10-31 21:55:20 44 44 40 40 42 
 2019-10-31 21:55:21 41 42 43 41 42 
 2019-10-31 21:55:23 42 44 41 43 42 
 2019-10-31 21:55:24 41 40 40 43 44 
 2019-10-31 21:55:25 44 41 43 40 41 
 2019-10-31 21:55:27 43 43 42 41 42 
 2019-10-31 21:55:28 43 43 42 39 43 
 2019-10-31 21:55:30 42 44 43 42 39 
 2019-10-31 21:55:31 41 44 44 41 43 
 2019-10-31 21:55:32 45 43 44 44 43 
 2019-10-31 21:55:34 40 42 42 40 41 
 2019-10-31 21:55:35 40 42 42 43 40 
 2019-10-31 21:55:37 41 40 43 42 42 
 2019-10-31 21:55:38 42 41 42 42 43 
 2019-10-31 21:55:40 43 42 40 40 39 
 2019-10-31 21:55:40 43 42 42 39 42 
 2019-10-31 21:55:42 39 43 41 43 43 
 2019-10-31 21:55:44 40 44 42 38 38 
 2019-10-31 21:55:45 43 42 42 40 41 
 2019-10-31 21:55:47 43 42 41 43 44 
 2019-10-31 21:55:48 41 41 39 42 42 
 2019-10-31 21:55:49 41 44 38 45 44 
 2019-10-31 21:55:51 44 38 42 45 42 
 2019-10-31 21:55:52 43 52 89 49 42 
 2019-10-31 21:55:54 42 53 79 49 43 
 2019-10-31 21:55:55 43 50 84 56 45 
 2019-10-31 21:55:56 41 47 90 58 43 
 2019-10-31 21:55:58 45 50 110 60 44 
 2019-10-31 21:55:59 43 48 88 59 41 
 2019-10-31 21:56:01 40 45 79 62 43 
 